a
Data=(27.5,60),(40,62.5),(45,52.5),(47.5,42.5),(42.5,35),(32.5,32.5),(20,37.5),(15,40),(15,47.5),(15,52.5)
[END]
[POLYLINE]
Type=0x20
Label=20
Data=(97.5,72.5),(102.5,82.5),(112.5,82.5),(117.5,72.5),(125,65),(125,52.5),(110,40),(110,50),(107.5,60)
[END]
[POLYLINE]
Type=0x20
Label=40
Data=(20,52.5),(35,57.5),(42.5,50),(42.5,40),(35,37.5),(25,40),(20,47.5)
[END]
[POLYLINE]
Type=0x20
Label=40
Data=(57.5,57.5),(47.5,70),(60,80),(72.5,82.5),(80,77.5),(90,70),(100,55),(107.5,42.5),(100,30),(92.5,17.5),(67.5,10),(55,10),(47.5,25),(60,42.5)
[END]
[POLYLINE]
Type=0x20
Label=60
Data=(25,50),(30,52.5),(40,50),(40,42.5),(27.5,42.5)
[END]
[POLYLINE]
Type=0x20
Label=60
Data=(107.5,72.5),(115,67.5),(120,60),(117.5,52.5),(107.5,60)
[END]
[POLYLINE]
Type=0x20
Label=80
Data=(27.5,47.5),(32.5,50),(35,45)
[END]
[POLYLINE]
Type=0x20
Label=80
Data=(115,60)
[END]
[POLYLINE]
Type=0x20
Label=80
Data=(67.5,45),(80,55),(90,47.5),(92.5,30),(80,17.5),(62.5,17.5),(57.5,27.5)
[END]
[POLYLINE]
Type=0x20
Label=100
Data=(67.5,32.5),(77.5,40),(85,30),(77.5,20),(70,22.5)
[END]
[POLYLINE]
Type=0x20
Label=140
Data=(75,27.5)
[END]
